A = [0 1;
     1 0];

B = [0 -1;
     1  0];

C = [2 0;
     0 0.5];

D = [2 1;
     0 0.5];
     
E = [2  1;
     0 -0.5];
