A = [1 2 3 4;
     0 1 1 1;
     1 3 4 5];

B = [1 2 3 4;
     2 4 6 8;
     3 6 9 12];

C = [1 2;
     0 1];

D = [C C];

